16 40 -1 241 12
8 21 8 35 243
24 43 24 4 196
12 42 12 198 259
17 2 -1 33 227
29 19 19 141 176
33 7 -1 314 400
30 24 24 221 460
15 47 15 234 451
1 47 47 100 47
4 19 19 263 204
29 45 45 483 188
1 19 19 170 435
47 0 0 20 23
20 35 20 127 272
23 28 23 469 230
18 23 23 420 39
5 49 49 182 235
22 34 -1 269 106
41 16 41 151 36
34 23 34 106 450
48 30 -1 319 349
13 39 -1 65 260
13 22 22 249 205
48 21 -1 454 292
49 46 -1 7 249
49 41 49 475 398
27 23 27 160 492
31 24 -1 455 389
43 21 21 307 220
20 5 5 461 212
38 10 38 49 68
9 48 48 336 73
9 14 9 91 224
40 22 22 273 230
39 19 -1 405 376
23 25 25 369 39
43 8 -1 303 159
19 15 19 83 403
32 44 44 280 136
44 22 22 444 347
40 36 36 193 343
42 19 -1 426 188
7 21 -1 59 427
7 30 7 214 13
47 48 -1 217 380
46 13 13 456 409
2 47 2 70 142
40 15 -1 111 141
2 18 18 300 129
41 8 -1 185 324
25 33 25 335 152
5 31 -1 112 338
24 14 -1 22 336
29 12 29 243 323
44 45 45 309 397
25 2 25 287 390
32 13 13 257 400
27 14 14 242 26
20 16 -1 259 290
29 40 40 32 283
28 29 28 72 90
28 48 -1 285 87
32 19 32 157 226
3 34 -1 335 228
17 7 7 460 66
35 41 35 290 473
42 19 -1 122 393
42 2 -1 287 390
31 19 19 433 129
38 36 -1 431 321
42 48 48 489 410
46 26 -1 5 419
27 47 -1 431 369
33 26 -1 327 63
14 8 8 75 393
13 30 30 296 53
23 47 -1 464 157
32 40 -1 437 159
40 34 40 321 406
33 49 49 360 12
46 20 46 171 213
12 37 37 341 333
1 14 14 237 428
40 19 40 303 459
30 43 -1 432 366
49 15 15 281 177
30 27 30 227 49
12 40 -1 8 483
21 9 9 204 448
28 46 46 249 449
26 32 32 72 214
12 23 23 380 107
8 11 8 57 288
35 21 21 323 331
14 47 -1 214 3
40 42 40 108 192
0 36 36 296 460
40 8 8 423 389
43 33 33 377 40
40 15 40 373 438
45 37 45 237 1
40 28 28 389 188
37 41 41 313 487
37 5 5 323 128
37 18 18 187 297
3 29 29 367 2
3 12 3 440 299
42 31 31 438 422
17 27 27 292 443
1 31 31 449 356
29 36 -1 92 225
23 46 46 486 315
9 39 -1 351 129
28 45 45 408 135
35 25 35 199 119
8 2 -1 208 102
8 37 8 284 282
16 8 -1 425 196
43 34 34 422 337
18 0 -1 381 210
20 16 20 287 165
7 47 47 310 56
21 18 18 412 455
27 30 30 257 55
11 2 2 98 224
31 18 18 266 49
37 38 -1 275 76
34 33 34 54 243
31 25 -1 429 89
18 6 -1 181 66
28 44 44 20 344
43 3 3 120 369
14 9 -1 282 485
37 18 -1 213 72
13 44 -1 278 473
39 47 47 411 180
48 39 -1 216 261
21 11 21 284 133
35 1 35 95 185
30 32 -1 450 245
26 15 -1 26 93
15 42 42 128 273
47 20 20 166 131
21 27 -1 108 461
31 9 -1 28 196
36 11 11 138 306
25 5 -1 53 250
16 21 16 165 399
16 15 16 316 281
3 39 39 101 247
21 34 21 77 63
4 15 4 354 403
32 31 -1 83 287
11 49 49 6 164
9 22 -1 431 290
10 34 -1 21 285
29 44 44 139 224
32 44 32 358 300
45 41 -1 157 224
20 18 18 378 474
39 40 40 371 471
40 33 33 372 156
42 3 -1 111 392
25 46 25 16 56
36 13 36 172 271
23 42 -1 200 223
16 40 16 366 311
34 7 7 241 181
3 33 3 406 496
26 31 26 165 449
1 3 1 300 475
36 26 36 277 126
43 45 45 306 62
31 42 42 28 133
2 33 -1 486 389
14 22 14 329 271
14 33 33 464 108
24 42 42 2 221
21 47 -1 129 111
23 21 21 453 154
34 36 36 372 325
39 37 37 452 366
20 16 16 309 432
12 33 -1 240 387
48 14 48 239 193
46 12 46 31 117
21 15 15 246 290
30 37 30 229 89
45 0 0 397 161
39 9 -1 164 301
34 14 34 19 4
9 17 -1 274 450
36 47 36 191 93
8 22 22 485 151
21 32 -1 228 131
16 18 18 63 234
44 47 44 211 368
3 20 3 23 396
38 9 38 106 1
39 14 14 272 101
26 43 43 282 24
17 48 48 159 361
26 5 -1 475 217
26 30 -1 14 354
38 2 38 184 358
16 23 -1 291 145
23 18 18 58 0
15 25 -1 59 185
12 35 12 370 363
9 49 9 451 463
49 39 39 267 223
25 33 25 399 75
46 24 -1 387 384
47 4 47 147 263
47 9 47 489 382
15 1 -1 411 404
44 12 12 213 429
18 40 18 466 389
40 14 -1 137 3
49 36 49 361 485
22 10 10 473 150
27 38 38 210 249
7 6 7 302 69
43 22 -1 258 490
0 5 -1 239 258
16 25 16 180 211
40 8 8 490 87
4 45 4 405 304
3 21 21 222 215
30 33 -1 473 433
26 28 26 167 338
18 45 -1 298 456
47 39 47 114 129
3 18 18 252 176
33 5 5 42 479
14 24 24 442 497
47 18 47 197 37
14 15 -1 72 114
40 21 -1 106 336
34 11 34 13 313
32 47 32 332 491
49 48 48 13 390
13 12 -1 90 311
48 6 6 80 79
45 21 21 198 129
36 34 36 243 150
4 27 27 75 209
40 26 -1 105 342
0 20 20 161 61
16 11 -1 395 391
0 40 -1 151 390
44 39 44 235 234
28 39 -1 127 166
23 17 23 183 323
37 34 37 441 97
8 9 -1 478 456
1 28 -1 66 331
40 12 40 417 197
5 45 -1 169 73
5 43 -1 450 26
17 37 37 463 80
11 21 -1 319 499
48 21 -1 247 389
11 37 -1 334 406
0 40 0 188 61
29 45 45 271 297
33 39 39 97 52
17 9 17 307 328
25 7 25 457 4
40 18 -1 243 155
0 43 43 104 332
8 33 33 13 5
27 46 46 413 393
48 30 30 423 89
33 0 0 86 157
1 29 -1 345 222
33 46 46 180 202
2 38 2 81 153
43 8 43 239 324
47 39 -1 301 364
46 36 -1 43 323
24 46 -1 404 444
28 39 -1 446 69
44 48 48 32 282
13 25 13 17 416
16 14 -1 123 365
20 19 20 287 214
27 13 27 431 118
8 9 8 150 458
29 47 29 491 279
40 6 6 133 223
23 49 -1 379 272
5 1 5 459 388
7 36 36 470 19
19 28 -1 79 81
38 10 38 499 351
9 39 -1 416 72
31 40 40 420 21
46 25 46 438 384
10 47 -1 111 269
43 33 43 374 114
31 14 -1 109 213
25 20 20 234 337
27 15 -1 299 288
0 46 0 122 436
0 34 0 274 447
5 18 -1 353 344
46 36 -1 422 447
24 47 -1 129 334
4 6 6 35 358
39 35 39 55 157
42 7 7 27 131
39 34 34 71 237
45 20 45 356 442
22 30 30 390 461
26 46 46 77 482
25 19 19 233 326
29 25 29 372 405
14 13 -1 416 385
29 11 -1 454 217
49 29 -1 93 219
10 19 10 30 399
49 7 49 221 141
46 0 46 179 472
25 45 -1 65 113
23 46 -1 280 102
44 31 -1 446 425
2 8 -1 20 338
47 21 47 167 92
39 13 -1 257 194
17 35 -1 303 302
3 28 3 480 458
2 27 -1 336 175
16 38 -1 165 358
24 12 12 272 330
26 11 11 219 120
40 38 38 80 391
7 35 7 257 66
29 10 29 372 146
20 41 20 453 456
47 27 47 129 251
0 5 -1 146 226
35 38 35 92 118
7 0 -1 478 9
21 9 21 268 82
19 38 19 6 44
31 3 31 151 34
25 4 4 37 302
20 24 24 286 217
10 46 46 365 26
28 37 28 2 255
22 21 -1 247 29
40 28 28 413 431
20 38 38 362 78
39 34 39 229 472
21 39 -1 240 405
47 21 21 135 425
1 9 1 197 256
26 39 -1 412 353
19 33 19 407 95
23 46 23 26 26
3 49 -1 274 242
24 23 23 418 160
40 20 20 186 319
25 14 25 313 77
14 32 32 357 39
7 31 7 38 59
14 43 43 131 269
2 8 2 467 76
2 7 7 271 96
20 48 48 129 361
39 43 -1 351 302
35 10 -1 221 350
44 37 37 455 271
13 7 13 206 225
7 10 7 56 432
30 26 26 343 407
44 34 -1 188 236
4 23 -1 490 147
47 34 34 393 339
5 8 -1 486 66
26 44 26 160 400
11 41 41 491 86
37 20 20 225 58
45 1 -1 285 150
4 22 4 399 213
44 7 44 480 326
38 24 38 201 76
14 44 14 407 30
45 2 2 22 411
32 25 32 117 27
24 39 24 423 353
10 32 10 290 8
6 17 6 109 395
27 3 -1 237 83
49 34 34 286 408
48 18 -1 68 87
13 42 42 129 367
32 39 39 299 82
10 7 10 176 316
46 5 46 150 242
4 2 4 92 390
37 42 37 323 211
45 38 -1 174 118
23 8 8 425 110
41 37 37 392 363
36 39 36 207 191
13 14 -1 92 308
35 31 35 45 156
13 41 13 169 167
14 44 14 172 469
38 15 38 257 408
24 43 24 93 303
42 8 8 288 352
29 23 29 481 371
41 47 47 486 16
31 0 -1 9 124
33 47 47 241 355
0 15 -1 349 410
5 41 5 124 481
21 5 5 357 137
28 48 -1 190 36
2 23 23 264 83
13 47 47 105 90
37 5 37 190 206
16 45 45 137 272
29 9 9 336 18
16 14 14 400 56
5 4 -1 94 368
15 7 -1 449 165
8 39 39 216 379
29 34 34 277 172
48 8 48 226 347
1 42 42 419 395
20 24 24 252 118
22 19 19 289 118
45 49 -1 217 165
38 46 38 213 75
24 13 24 57 441
33 10 -1 146 179
31 18 -1 182 20
26 4 -1 56 396
12 1 1 319 321
13 8 -1 415 423
45 41 -1 281 400
30 16 -1 16 212
41 49 -1 99 381
3 26 26 247 34
36 9 36 433 78
9 48 -1 78 63
13 25 -1 54 258
6 34 6 466 150
39 10 -1 222 109
32 27 -1 422 174
22 8 8 112 92
14 21 -1 4 1
6 20 20 62 474
37 21 21 414 39
10 5 5 311 377
9 45 9 98 168
31 20 31 264 184
20 30 20 363 485
9 21 -1 440 285
29 27 29 339 443
46 49 49 447 260
27 8 8 484 57
25 17 -1 204 283
14 26 14 421 189
49 30 -1 6 322
46 35 -1 204 76
45 2 2 246 50
37 25 -1 494 261
15 20 20 195 224
14 11 -1 328 282
42 29 -1 4 287
37 2 2 339 407
48 37 -1 125 85
11 12 11 420 256
22 37 37 52 384
4 18 18 107 296
28 49 28 45 203
14 32 -1 388 224
15 38 38 26 113
46 38 -1 158 210
36 32 -1 464 187
34 19 -1 29 276
4 9 -1 381 454
32 48 -1 140 338
13 7 7 126 184
42 24 24 372 432
36 8 8 435 24
2 19 -1 409 101
23 13 -1 0 447
17 35 -1 8 375
35 21 35 62 49
21 7 -1 395 79
5 31 -1 322 218
13 24 24 209 134
39 32 39 401 235
-1
47
70 70 43 78 97 79 49 82 93 98 3 0 73 50 31 29 33 70 3 52 34 80 90 95 66 81 77 65 82 64 12 53 34 7 31 84 38 33 66 32 83 22 84 9 72 68 38
