6 15 6 241 12
10 21 10 35 243
6 18 6 4 196
2 17 2 198 259
3 2 3 33 227
11 19 11 141 176
5 7 5 314 400
4 24 4 221 460
1 22 1 234 451
3 22 3 100 47
2 19 2 263 204
11 20 11 483 188
9 19 9 170 435
11 0 11 20 23
4 10 4 127 272
9 3 9 469 230
0 23 0 420 39
1 24 1 182 235
6 9 6 269 106
11 16 11 151 36
4 23 4 106 450
10 5 10 319 349
7 14 7 65 260
7 22 7 249 205
2 21 2 454 292
3 21 3 7 249
9 16 9 475 398
11 23 11 160 492
3 24 3 455 389
11 21 11 307 220
8 5 8 461 212
8 10 8 49 68
11 23 11 336 73
1 14 1 91 224
6 22 6 273 230
5 19 5 405 376
5 0 5 369 39
5 8 5 303 159
11 15 11 83 403
10 19 10 280 136
8 22 8 444 347
4 11 4 193 343
4 19 4 426 188
3 21 3 59 427
9 5 9 214 13
1 23 1 217 380
10 13 10 456 409
2 22 2 70 142
2 15 2 111 141
10 18 10 300 129
3 8 3 185 324
5 8 5 335 152
1 6 1 112 338
10 14 10 22 336
5 12 5 243 323
0 20 0 309 397
7 2 7 287 390
4 13 4 257 400
9 14 9 242 26
4 16 4 259 290
5 15 5 32 283
10 4 10 72 90
6 23 6 285 87
4 19 4 157 226
1 9 1 335 228
3 7 3 460 66
11 16 11 290 473
6 19 6 122 393
4 2 4 287 390
5 19 5 433 129
10 11 10 431 321
0 23 0 489 410
6 1 6 5 419
1 22 1 431 369
9 1 9 327 63
0 8 0 75 393
3 13 3 279 296
9 23 9 34 464
1 7 1 361 437
3 15 3 399 321
2 8 2 380 360
4 21 4 47 171
9 12 9 445 341
5 1 5 80 237
0 15 0 21 303
7 5 7 143 432
2 24 2 316 281
5 2 5 227 49
10 15 10 8 483
7 9 7 204 448
8 21 8 249 449
8 7 8 72 214
4 23 4 380 107
0 11 0 57 288
5 21 5 323 331
10 22 10 214 3
6 17 6 108 192
2 11 2 296 460
4 8 4 423 389
5 8 5 377 40
6 15 6 373 438
11 12 11 237 1
0 3 0 389 188
3 16 3 313 487
9 5 9 323 128
5 18 5 187 297
7 4 7 367 2
7 12 7 440 299
10 6 10 438 422
7 2 7 292 443
5 6 5 449 356
9 11 9 92 225
9 21 9 486 315
5 14 5 351 129
8 20 8 408 135
5 0 5 199 119
4 2 4 208 102
0 12 0 284 282
2 8 2 425 196
9 12 9 337 218
2 10 2 210 170
10 11 10 165 157
11 17 11 56 271
6 20 6 455 27
2 13 2 55 361
6 16 6 224 231
4 2 4 49 237
0 17 0 76 384
1 23 1 243 331
5 13 5 89 368
0 21 0 66 478
10 18 10 344 93
7 13 7 369 414
1 9 1 485 437
10 20 10 72 13
4 23 4 473 339
7 11 7 348 389
11 16 11 271 161
0 9 0 85 51
3 20 3 180 32
11 0 11 276 315
2 1 2 115 365
0 24 0 273 97
2 0 2 131 471
11 21 11 461 81
3 6 3 196 336
5 24 5 306 175
9 23 9 250 416
3 18 3 399 116
3 19 3 281 253
3 8 3 247 421
2 8 2 63 454
9 24 9 403 282
5 10 5 287 311
7 8 7 164 309
10 4 10 290 60
8 6 8 285 29
2 19 2 224 382
6 14 6 300 245
1 8 1 224 320
8 0 8 474 239
0 23 0 471 90
3 5 3 156 292
9 1 9 392 175
6 11 6 56 286
1 24 1 271 273
0 16 0 223 66
8 13 8 311 234
5 21 5 181 103
5 9 5 496 326
9 19 9 449 251
11 13 11 475 186
6 18 6 126 43
11 18 11 62 81
4 21 4 133 52
3 18 3 389 14
8 22 8 329 271
0 8 0 464 108
8 17 8 2 221
11 22 11 129 111
5 21 5 453 154
2 11 2 372 325
3 12 3 452 366
2 16 2 309 432
0 8 0 240 387
0 14 0 239 193
0 12 0 31 117
5 15 5 246 290
10 12 10 229 89
9 0 9 397 161
9 21 9 301 434
0 15 0 4 59
11 18 11 450 286
7 16 7 93 158
10 5 10 151 171
10 3 10 131 16
2 17 2 234 494
1 24 1 368 3
2 12 2 396 238
9 19 9 1 189
8 23 8 101 426
11 8 11 24 467
10 17 10 361 476
9 8 9 217 226
10 14 10 354 88
4 15 4 358 16
9 22 9 145 223
6 16 6 0 465
5 23 5 185 12
11 17 11 363 259
5 20 5 463 399
11 17 11 223 425
7 23 7 75 446
10 20 10 384 497
4 10 4 263 447
3 0 3 382 365
1 6 1 404 294
6 18 6 429 18
2 13 2 389 140
4 15 4 3 99
10 7 10 485 322
4 20 4 150 27
10 3 10 249 7
0 14 0 69 193
4 9 4 490 300
2 5 2 239 258
2 0 2 180 211
4 15 4 465 490
11 4 11 297 405
4 3 4 458 222
11 5 11 325 473
9 1 9 300 167
2 18 2 156 298
8 22 8 16 114
5 3 5 427 252
4 8 4 197 42
7 14 7 112 442
9 22 9 225 197
1 14 1 282 72
10 15 10 253 106
0 9 0 254 13
5 7 5 70 332
11 24 11 15 13
6 13 6 260 90
3 23 3 479 80
11 20 11 300 198
9 11 9 191 243
2 4 2 247 75
5 15 5 10 105
10 0 10 104 161
9 16 9 419 395
7 0 7 414 151
6 19 6 26 235
10 3 10 112 127
6 23 6 143 183
3 12 3 145 441
1 8 1 408 478
4 1 4 148 66
11 15 11 471 417
5 20 5 169 73
3 18 3 450 26
9 12 9 463 80
3 21 3 319 499
10 21 10 247 389
7 12 7 334 406
8 15 8 188 61
5 20 5 271 297
11 14 11 97 52
1 9 1 307 328
1 7 1 457 4
0 18 0 243 155
0 18 0 104 332
8 4 8 5 477
0 21 0 393 498
6 4 6 89 83
0 22 0 157 351
3 20 3 133 246
10 5 10 402 288
0 6 0 293 58
9 14 9 47 89
2 1 2 196 236
5 18 5 74 246
2 4 2 228 389
2 21 2 244 348
10 7 10 363 325
0 17 0 16 64
5 23 5 370 319
6 12 6 277 213
0 6 0 108 159
3 0 3 429 247
6 16 6 440 206
1 8 1 373 149
11 4 11 5 101
3 9 3 157 236
1 20 1 219 78
2 4 2 488 360
0 24 0 459 439
5 16 5 281 290
10 20 10 346 425
6 13 6 10 447
8 11 8 343 183
0 24 0 281 214
2 9 2 325 420
1 9 1 77 15
11 24 11 0 146
9 22 9 450 484
3 24 3 5 118
2 3 2 96 486
2 22 2 124 247
11 4 11 204 206
1 10 1 489 35
0 5 0 292 357
1 2 1 89 384
1 21 1 445 20
3 6 3 22 480
10 15 10 376 446
7 2 7 25 419
1 8 1 379 25
3 22 3 314 313
5 16 5 379 361
5 4 5 199 329
5 18 5 10 469
9 5 9 499 407
6 21 6 496 100
6 4 6 275 345
2 15 2 23 296
11 5 11 44 331
11 21 11 2 308
2 20 2 497 371
6 17 6 239 163
8 7 8 17 385
8 3 8 153 178
6 5 6 52 377
5 11 5 66 338
11 15 11 174 162
10 22 10 26 11
1 19 1 40 88
1 5 1 307 85
9 7 9 379 310
3 22 3 470 291
0 3 0 47 127
6 4 6 300 155
2 21 2 235 38
6 17 6 57 400
11 3 11 121 209
3 18 3 169 238
9 6 9 181 53
3 1 3 275 304
1 12 1 120 124
4 11 4 310 196
1 15 1 478 487
0 2 0 22 171
2 22 2 390 428
10 13 10 320 188
7 12 7 389 334
6 4 6 271 39
8 15 8 47 71
4 10 4 351 9
0 22 0 126 439
8 12 8 319 233
9 7 9 323 296
9 1 9 253 149
5 24 5 174 173
1 18 1 90 270
1 11 1 425 164
3 13 3 464 132
10 7 10 257 181
0 13 0 214 143
4 6 4 302 158
6 17 6 102 57
10 21 10 370 48
4 11 4 93 494
3 2 3 460 483
9 0 9 287 494
7 21 7 257 429
10 0 10 160 134
8 7 8 426 480
11 7 11 384 352
4 11 4 73 196
6 22 6 384 434
5 14 5 8 449
10 16 10 344 227
0 11 0 178 491
6 12 6 470 289
9 8 9 151 107
1 0 1 22 436
11 13 11 407 162
0 1 0 324 53
5 1 5 444 106
7 5 7 445 352
4 22 4 332 25
6 17 6 24 139
0 23 0 310 182
3 15 3 56 467
9 20 9 53 354
1 8 1 34 287
2 8 2 118 286
0 12 0 92 227
5 17 5 439 402
7 10 7 401 176
4 21 4 221 150
2 4 2 128 92
6 12 6 8 323
7 20 7 155 174
2 23 2 57 425
10 16 10 317 392
7 11 7 369 207
7 13 7 295 92
8 10 8 302 45
4 13 4 144 169
7 14 7 126 172
9 13 9 8 257
4 24 4 449 93
11 17 11 19 288
0 4 0 333 481
3 16 3 12 486
8 6 8 412 9
0 8 0 140 241
11 0 11 450 349
10 5 10 319 124
5 21 5 455 357
1 3 1 484 190
8 2 8 489 264
3 13 3 32 105
2 12 2 56 190
10 16 10 48 137
8 4 8 427 336
6 16 6 216 400
8 5 8 482 94
0 15 0 217 449
9 8 9 22 216
7 4 7 174 277
8 23 8 333 226
3 1 3 361 419
7 20 7 351 252
10 22 10 178 289
2 20 2 307 217
5 13 5 52 213
11 24 11 86 57
9 8 9 436 146
11 6 11 56 182
0 1 0 41 56
8 12 8 345 319
1 13 1 119 415
11 20 11 138 281
8 5 8 160 16
8 16 8 481 99
1 3 1 488 247
2 11 2 138 433
6 9 6 288 78
11 13 11 406 54
6 9 6 466 150
1 10 1 222 109
10 2 10 422 174
2 8 2 112 92
0 21 0 4 1
0 20 0 62 474
1 21 1 414 39
10 5 10 311 377
11 20 11 98 168
7 20 7 264 184
2 5 2 363 485
1 21 1 440 285
3 2 3 339 443
10 24 10 447 260
11 8 11 484 57
9 17 9 204 283
2 1 2 421 189
1 5 1 6 322
10 2 10 76 295
10 0 10 50 137
1 8 1 261 65
0 3 0 224 64
5 0 5 282 92
1 15 1 287 487
10 22 10 407 248
3 9 3 85 411
10 20 10 272 337
4 2 4 204 468
1 7 1 28 199
9 20 9 364 32
2 13 2 165 488
7 1 7 296 438
11 8 11 336 282
11 14 11 284 169
11 4 11 304 409
11 6 11 382 98
11 15 11 63 157
7 1 7 292 274
10 22 10 36 208
7 10 7 402 219
5 9 5 173 213
2 0 2 317 235
5 8 5 235 71
9 12 9 421 207
11 20 11 255 431
11 22 11 163 224
10 9 10 39 382
3 1 3 146 70
10 18 10 197 279
1 7 1 198 3
0 23 0 331 129
1 20 1 252 134
0 15 0 366 81
9 15 9 164 212
9 7 9 184 238
5 16 5 183 122
4 9 4 368 38
6 13 6 10 324
5 2 5 439 485
1 5 1 113 69
0 3 0 284 267
9 0 9 376 24
11 10 11 455 175
3 19 3 369 470
6 23 6 382 258
11 14 11 404 308
6 4 6 10 288
3 16 3 79 215
6 17 6 401 244
3 20 3 192 18
4 15 4 290 75
11 6 11 55 41
7 12 7 317 52
1 22 1 191 303
3 12 3 127 39
1 3 1 230 495
4 13 4 464 280
4 15 4 393 23
6 0 6 432 369
7 17 7 435 160
1 21 1 269 225
1 9 1 127 117
4 9 4 189 400
0 4 0 49 323
3 4 3 178 388
1 17 1 190 452
5 14 5 19 209
8 10 8 156 40
4 7 4 468 73
4 6 4 244 257
6 10 6 405 165
9 4 9 458 397
3 11 3 347 397
6 10 6 174 300
1 9 1 377 484
0 10 0 397 343
9 6 9 50 158
1 10 1 378 72
8 17 8 496 316
0 6 0 303 408
3 14 3 96 198
8 7 8 85 377
7 20 7 34 372
7 16 7 412 246
1 10 1 492 408
10 20 10 143 275
8 14 8 460 311
4 24 4 78 234
10 6 10 372 428
3 13 3 215 486
3 2 3 259 36
10 6 10 481 7
9 21 9 437 7
0 11 0 318 321
6 4 6 433 176
6 9 6 395 451
10 12 10 406 421
7 17 7 19 374
4 21 4 212 434
9 1 9 133 419
1 9 1 275 492
11 10 11 371 180
8 1 8 463 384
8 5 8 269 450
3 6 3 425 494
8 6 8 457 339
6 2 6 146 129
2 1 2 323 325
7 8 7 438 171
7 4 7 464 176
8 17 8 350 244
7 10 7 102 392
9 23 9 391 319
8 11 8 142 161
9 12 9 48 27
5 11 5 495 200
6 24 6 419 101
8 0 8 419 177
4 10 4 379 304
9 5 9 146 397
11 18 11 25 144
10 18 10 448 265
4 10 4 304 330
5 21 5 154 340
10 9 10 137 313
8 20 8 156 170
2 0 2 231 396
7 1 7 324 266
8 9 8 365 64
7 13 7 201 330
4 13 4 393 301
11 1 11 41 60
0 22 0 253 478
4 1 4 484 452
5 21 5 27 261
3 2 3 425 128
5 6 5 164 74
6 5 6 196 48
9 17 9 497 45
2 5 2 458 41
6 5 6 313 435
7 18 7 303 193
6 11 6 459 400
0 6 0 426 277
8 15 8 104 313
10 5 10 139 40
4 17 4 202 282
11 3 11 97 408
4 14 4 119 250
1 19 1 157 345
8 15 8 381 69
6 22 6 48 339
4 12 4 140 14
3 0 3 290 472
0 11 0 25 5
10 0 10 49 432
2 12 2 135 243
2 13 2 173 214
10 17 10 90 357
1 6 1 365 471
4 20 4 172 123
3 13 3 344 87
2 19 2 431 306
1 3 1 488 126
10 22 10 64 64
5 7 5 138 322
5 21 5 279 218
3 22 3 441 191
8 23 8 497 406
1 17 1 141 382
5 2 5 33 243
1 12 1 167 77
11 23 11 368 194
2 15 2 131 258
10 6 10 348 364
10 15 10 283 125
5 12 5 298 205
6 12 6 421 166
10 15 10 378 336
0 20 0 307 203
9 14 9 189 130
10 6 10 101 408
11 15 11 473 121
8 11 8 418 377
5 3 5 203 306
11 4 11 198 186
6 16 6 483 80
11 1 11 289 255
0 14 0 14 437
11 10 11 375 428
2 19 2 101 499
10 9 10 265 359
9 22 9 17 55
10 0 10 397 389
11 19 11 134 35
7 4 7 143 4
10 23 10 331 327
4 20 4 31 111
11 23 11 449 465
2 6 2 150 380
11 14 11 13 100
1 8 1 483 151
6 8 6 239 141
4 16 4 192 422
9 16 9 336 340
8 3 8 254 429
3 11 3 105 426
3 18 3 224 378
6 10 6 315 49
5 21 5 20 415
7 21 7 438 10
10 1 10 173 380
1 3 1 112 334
8 7 8 6 332
3 21 3 296 463
8 2 8 337 497
9 4 9 259 342
1 9 1 469 282
4 14 4 198 3
1 20 1 426 128
3 10 3 141 33
8 12 8 427 226
4 3 4 383 140
9 14 9 498 386
4 0 4 247 248
8 21 8 243 74
7 15 7 276 384
1 16 1 356 443
4 18 4 335 452
8 12 8 417 362
6 3 6 31 252
1 14 1 236 259
10 12 10 286 363
2 6 2 11 339
7 13 7 351 50
3 17 3 80 436
5 11 5 42 70
2 8 2 243 496
1 17 1 495 355
2 8 2 29 245
9 6 9 437 259
11 23 11 74 80
11 3 11 305 246
5 24 5 423 94
6 16 6 85 264
7 10 7 6 264
2 8 2 203 120
8 12 8 211 288
5 3 5 172 435
5 11 5 95 284
5 24 5 45 386
5 14 5 166 422
6 11 6 411 464
10 18 10 51 406
10 7 10 457 129
7 22 7 406 494
11 12 11 384 332
6 3 6 452 220
3 15 3 129 453
9 23 9 463 55
1 20 1 250 401
7 22 7 469 144
4 8 4 312 440
10 16 10 222 438
3 14 3 340 217
0 2 0 43 67
9 14 9 86 240
3 9 3 100 380
9 8 9 429 0
6 20 6 313 233
0 4 0 445 499
0 24 0 467 116
2 3 2 206 390
7 13 7 236 438
6 3 6 326 135
3 14 3 392 229
0 22 0 372 294
2 22 2 375 116
11 17 11 266 275
2 15 2 140 254
8 21 8 255 324
2 6 2 25 351
6 18 6 129 265
10 14 10 189 366
11 2 11 303 470
2 15 2 176 105
5 3 5 335 427
7 18 7 320 144
9 15 9 118 331
10 7 10 83 475
0 10 0 79 405
9 21 9 297 353
10 4 10 335 416
3 6 3 255 303
6 17 6 402 363
4 20 4 297 28
0 24 0 358 5
1 6 1 466 480
11 1 11 64 436
9 1 9 39 406
11 22 11 92 351
6 19 6 486 441
1 11 1 345 497
1 18 1 127 385
1 9 1 74 150
10 2 10 194 443
8 17 8 63 361
11 4 11 392 268
10 21 10 314 266
11 14 11 84 166
9 22 9 111 171
3 13 3 57 284
6 19 6 410 33
6 12 6 398 230
9 21 9 383 437
4 24 4 124 440
3 23 3 210 245
8 23 8 357 232
7 1 7 453 359
7 9 7 322 357
8 17 8 41 127
1 7 1 495 58
6 19 6 239 304
5 12 5 49 44
1 17 1 327 46
10 3 10 256 53
11 20 11 54 72
9 13 9 112 47
9 6 9 260 362
4 0 4 161 344
5 6 5 336 152
6 16 6 258 471
0 21 0 24 178
1 14 1 167 401
9 13 9 448 449
9 10 9 141 74
9 0 9 365 338
8 19 8 193 329
8 20 8 496 294
3 14 3 297 209
4 15 4 147 163
6 20 6 299 313
6 22 6 330 314
5 14 5 262 207
10 17 10 167 190
3 23 3 58 448
9 23 9 190 245
6 16 6 254 392
7 4 7 47 86
11 2 11 40 314
8 7 8 489 274
11 13 11 431 23
5 22 5 388 62
7 16 7 489 173
0 21 0 37 120
0 20 0 468 437
7 3 7 199 470
3 23 3 96 181
2 19 2 432 209
0 4 0 123 493
4 21 4 230 209
6 23 6 211 66
3 2 3 440 101
5 13 5 452 59
5 12 5 439 47
9 7 9 216 30
4 17 4 315 99
7 3 7 221 416
3 16 3 162 408
4 6 4 476 483
2 9 2 162 448
1 7 1 468 90
0 10 0 111 436
11 15 11 480 233
8 21 8 115 357
4 21 4 4 482
3 15 3 173 166
9 0 9 125 245
7 21 7 107 33
6 16 6 3 198
11 3 11 487 218
0 15 0 232 371
7 20 7 131 269
7 8 7 128 333
11 19 11 373 51
7 18 7 489 246
4 23 4 115 60
8 19 8 489 204
3 15 3 388 23
0 18 0 318 124
8 9 8 374 334
11 14 11 241 3
3 12 3 377 177
1 24 1 342 353
4 7 4 309 257
9 4 9 243 428
8 3 8 482 39
4 21 4 61 352
8 0 8 373 153
5 1 5 38 68
11 9 11 159 120
7 9 7 399 328
5 7 5 53 342
8 23 8 393 287
2 15 2 323 115
3 17 3 69 483
2 1 2 213 88
2 22 2 338 24
8 18 8 237 97
5 12 5 64 407
9 8 9 372 281
9 14 9 459 209
1 19 1 3 434
1 19 1 250 107
7 4 7 466 192
0 17 0 274 108
5 9 5 263 108
4 5 4 426 339
8 12 8 446 342
11 21 11 406 421
6 16 6 73 159
8 0 8 126 152
3 16 3 230 206
4 5 4 243 208
9 4 9 338 350
9 12 9 148 443
11 18 11 375 144
7 20 7 499 273
1 12 1 413 392
11 9 11 361 5
10 16 10 77 329
7 16 7 132 466
1 4 1 297 154
5 19 5 202 443
10 3 10 143 141
6 16 6 25 279
4 7 4 169 485
11 5 11 169 264
6 7 6 307 479
10 13 10 352 42
7 3 7 325 273
0 1 0 167 201
7 0 7 93 96
9 20 9 249 66
4 19 4 36 326
8 12 8 4 291
4 1 4 331 401
3 20 3 386 262
10 7 10 443 451
1 13 1 161 489
6 3 6 15 190
2 21 2 204 452
8 15 8 341 96
6 11 6 63 423
1 21 1 346 489
7 6 7 283 144
7 0 7 431 65
3 20 3 468 174
6 13 6 346 82
7 3 7 430 192
5 12 5 174 433
11 9 11 12 393
4 8 4 210 15
4 1 4 374 370
3 17 3 303 38
8 17 8 163 473
3 4 3 153 230
6 11 6 262 448
1 0 1 232 237
3 19 3 236 170
0 22 0 323 402
5 15 5 272 30
10 9 10 317 380
4 9 4 76 446
10 5 10 359 475
5 20 5 110 195
4 8 4 113 300
6 12 6 16 424
6 1 6 87 283
0 24 0 320 395
8 6 8 411 140
1 13 1 398 123
3 10 3 84 75
8 4 8 243 347
8 13 8 204 453
6 23 6 164 269
5 17 5 75 80
2 5 2 482 79
8 17 8 476 202
9 14 9 281 484
0 20 0 131 74
7 17 7 205 181
8 4 8 398 430
3 17 3 24 127
9 20 9 435 421
2 12 2 185 147
8 5 8 399 482
0 16 0 5 449
5 9 5 455 141
3 24 3 107 226
5 2 5 432 326
1 11 1 9 22
11 0 11 336 176
3 11 3 472 141
5 4 5 341 484
10 24 10 98 384
2 21 2 337 28
6 13 6 455 172
7 19 7 168 131
1 7 1 69 256
1 10 1 466 304
10 12 10 58 411
8 23 8 253 410
7 19 7 104 26
5 18 5 398 12
0 23 0 275 92
0 13 0 42 206
7 15 7 143 75
6 10 6 289 213
3 1 3 336 281
11 9 11 484 184
0 15 0 136 415
0 16 0 59 83
10 20 10 381 266
4 11 4 28 452
7 14 7 75 276
6 11 6 238 222
2 4 2 306 215
2 9 2 434 370
-1
20
44 41 46 28 9 24 39 35 3 42 26 42 23 1 20 37 40 34 27 12
