16 15 -1 241 12
8 21 8 35 243
24 18 24 4 196
12 17 12 198 259
17 2 -1 33 227
4 19 19 141 176
8 7 -1 314 400
5 24 24 221 460
15 22 15 234 451
1 22 22 100 47
4 19 19 263 204
4 20 20 483 188
1 19 19 170 435
22 0 0 20 23
20 10 20 127 272
23 3 23 469 230
18 23 23 420 39
5 24 24 182 235
22 9 -1 269 106
16 8 16 36 284
23 24 24 450 198
5 6 6 349 163
14 24 14 260 163
22 11 22 205 98
21 16 16 292 99
21 10 21 249 49
16 0 0 398 227
23 5 -1 492 331
24 6 -1 389 443
21 13 -1 220 320
5 19 19 212 388
10 24 -1 59 98
11 23 23 64 98
16 24 16 422 400
23 5 -1 69 201
5 1 -1 225 281
19 14 -1 258 99
3 9 -1 215 257
8 3 3 44 467
5 11 -1 222 410
19 22 22 86 416
18 17 -1 68 426
13 7 7 298 59
2 7 7 494 214
13 22 -1 58 217
5 21 21 454 456
9 2 2 495 70
17 15 15 461 111
16 2 16 264 300
4 16 16 412 185
24 0 -1 425 335
2 5 2 265 112
13 24 13 287 22
11 4 -1 51 243
23 19 19 394 309
22 0 22 155 287
15 7 15 473 257
0 2 0 282 242
1 20 1 292 259
15 4 4 3 32
8 3 -1 380 72
15 3 3 442 285
12 7 12 152 157
1 3 1 141 335
3 17 17 145 460
16 10 16 106 290
23 17 23 402 122
18 17 17 193 287
15 6 15 359 433
4 13 4 263 431
21 17 17 480 489
10 21 -1 351 5
19 2 -1 388 431
19 8 8 474 327
13 14 -1 34 75
18 13 18 380 279
21 3 -1 247 34
14 7 14 240 361
12 9 9 184 399
21 6 6 449 380
10 12 -1 320 47
21 13 13 37 445
16 8 16 464 80
12 3 3 169 21
3 9 3 193 143
7 16 16 465 316
6 2 6 377 497
2 24 24 290 438
8 21 8 448 204
23 3 23 117 249
24 1 1 494 72
14 12 -1 31 380
7 8 8 484 57
13 10 13 430 323
6 14 14 42 214
3 15 -1 149 108
17 0 -1 326 296
10 15 -1 286 423
14 18 18 450 377
15 13 15 438 195
12 1 12 228 295
14 13 14 191 224
13 12 13 205 496
23 3 -1 68 111
12 22 22 129 412
17 2 2 62 141
15 24 24 181 27
13 22 22 277 114
17 18 -1 181 148
24 6 24 186 276
17 0 17 96 207
11 15 -1 189 377
1 4 -1 345 162
8 10 -1 475 265
24 19 19 152 300
8 2 8 337 140
9 7 -1 358 378
0 21 0 134 237
22 12 22 450 35
6 10 -1 466 186
12 15 -1 347 317
10 6 6 318 245
12 5 -1 130 313
7 5 -1 302 41
23 24 24 168 27
16 24 16 288 367
0 1 1 433 423
4 18 18 325 413
4 14 4 456 71
6 16 6 394 368
20 19 -1 103 13
20 19 -1 209 9
7 10 10 18 270
13 22 13 44 398
3 23 -1 147 282
11 5 -1 389 75
16 11 -1 161 364
9 8 -1 51 343
20 10 10 32 203
0 20 -1 315 290
1 18 -1 365 92
24 3 3 97 370
0 16 16 471 327
21 8 8 81 159
6 3 -1 336 61
24 13 -1 175 305
23 3 -1 416 271
18 15 15 116 115
19 16 -1 253 139
8 1 -1 421 34
8 2 2 454 265
24 4 4 282 381
10 8 8 311 499
8 6 -1 309 122
4 6 6 60 184
6 21 -1 29 294
19 14 19 382 94
14 8 -1 245 141
8 7 -1 320 468
0 3 -1 239 40
23 21 -1 90 283
5 22 -1 292 253
1 11 1 175 346
11 16 16 286 113
24 22 -1 273 492
16 0 16 66 440
13 16 13 234 457
21 16 21 103 33
9 6 -1 326 81
19 15 15 251 303
13 0 -1 186 426
18 2 2 43 195
18 6 6 81 392
21 3 -1 52 483
18 11 11 14 164
22 11 11 271 164
8 11 -1 108 224
17 3 -1 221 471
22 16 16 111 73
21 7 7 154 34
11 24 24 325 39
12 22 22 366 270
16 1 -1 432 312
8 0 0 387 248
14 10 -1 193 196
12 15 12 117 221
15 3 3 290 230
12 2 12 89 45
0 5 -1 161 489
9 21 -1 301 434
14 15 15 4 59
17 18 18 450 286
22 16 -1 93 158
22 5 22 151 171
7 3 3 131 16
18 17 18 234 494
22 24 24 368 3
20 12 20 396 238
9 19 -1 1 189
14 23 14 101 426
18 8 8 24 467
23 17 -1 361 476
5 8 5 217 226
5 14 5 354 88
2 15 2 358 16
23 22 -1 145 223
18 16 16 0 465
0 23 -1 185 12
10 17 17 363 259
24 20 24 463 399
14 17 17 223 425
8 23 23 75 446
24 20 24 384 497
4 10 10 263 447
9 0 9 382 365
1 6 1 404 294
12 18 12 429 18
15 13 13 389 140
14 15 -1 3 99
11 7 11 485 322
10 20 -1 150 27
13 3 3 249 7
6 14 -1 69 193
22 9 -1 490 300
0 5 -1 239 258
16 0 16 180 211
15 8 8 490 87
4 20 4 405 304
3 21 21 222 215
5 8 -1 473 433
1 3 1 167 338
18 20 -1 298 456
22 14 22 114 129
3 18 18 252 176
8 5 5 42 479
14 24 24 442 497
22 18 22 197 37
14 15 -1 72 114
15 21 -1 106 336
9 11 9 13 313
7 22 7 332 491
24 23 23 13 390
13 12 -1 90 311
23 6 6 80 79
20 21 21 198 129
11 9 11 243 150
4 2 2 75 209
15 1 -1 105 342
0 20 20 161 61
16 11 -1 395 391
0 15 -1 151 390
19 14 19 235 234
3 14 -1 127 166
23 17 23 183 323
12 9 12 441 97
8 9 -1 478 456
1 3 -1 66 331
15 12 15 417 197
5 20 -1 169 73
5 18 -1 450 26
17 12 12 463 80
11 21 -1 319 499
23 21 -1 247 389
11 12 -1 334 406
0 15 0 188 61
4 20 20 271 297
8 14 14 97 52
17 9 17 307 328
0 7 0 457 4
15 18 -1 243 155
0 18 18 104 332
8 4 4 5 477
21 13 13 498 430
4 23 23 83 200
22 11 11 351 479
3 20 3 133 246
18 5 18 402 288
11 6 -1 293 58
1 14 -1 47 89
4 1 1 196 236
15 18 18 74 246
4 19 4 389 42
21 19 -1 348 210
7 13 -1 192 17
16 14 -1 123 365
20 19 20 287 214
2 13 2 431 118
8 9 8 150 458
4 22 4 491 279
15 6 6 133 223
23 24 -1 379 272
5 1 5 459 388
7 11 11 470 19
19 3 -1 79 81
13 10 13 499 351
9 14 -1 416 72
6 15 15 420 21
21 0 21 438 384
10 22 -1 111 269
18 8 18 374 114
6 14 -1 109 213
0 20 20 234 337
2 15 -1 299 288
0 21 0 122 436
0 9 0 274 447
5 18 -1 353 344
21 11 -1 422 447
24 22 -1 129 334
4 6 6 35 358
14 10 14 55 157
17 7 7 27 131
14 9 9 71 237
20 0 0 442 22
5 17 -1 461 376
21 17 -1 482 25
19 8 8 379 25
8 22 22 314 313
14 16 16 379 361
7 4 -1 199 329
24 18 24 10 469
17 5 5 499 407
20 21 -1 496 100
18 4 4 275 345
11 15 -1 23 296
2 5 5 44 331
6 21 21 2 308
21 20 20 497 371
23 17 23 239 163
17 7 7 17 385
15 3 15 153 178
23 5 23 52 377
16 11 16 66 338
8 15 15 174 162
7 22 22 26 11
20 19 19 40 88
5 16 16 85 69
7 16 16 310 295
22 21 22 291 336
3 6 3 127 118
4 1 -1 155 262
21 1 -1 38 166
17 18 17 400 203
3 9 -1 209 171
18 7 18 238 225
6 19 19 53 23
1 9 -1 304 41
12 2 12 124 340
11 17 11 196 469
15 1 1 487 88
2 5 2 171 346
22 4 22 428 434
13 6 -1 188 235
12 3 3 334 202
4 22 22 39 168
15 5 -1 71 244
10 0 -1 9 96
22 6 22 439 36
12 3 3 233 393
7 20 7 296 281
1 3 1 417 274
17 24 24 165 418
10 15 15 169 186
19 0 -1 259 313
2 14 -1 310 357
14 7 -1 336 38
9 14 9 208 131
19 2 2 442 467
1 2 -1 198 271
21 20 20 260 129
11 14 14 494 351
2 10 2 483 221
0 19 19 494 455
21 13 13 429 206
0 7 0 134 56
7 5 -1 480 343
7 19 19 352 188
11 4 4 196 490
22 9 9 393 339
5 8 -1 486 66
1 19 1 160 400
11 16 16 491 86
12 20 20 225 58
20 1 -1 285 150
4 22 4 399 213
19 7 19 480 326
13 24 13 201 76
14 19 14 407 30
20 2 2 22 411
7 0 7 117 27
24 14 24 423 353
10 7 10 290 8
6 17 6 109 395
2 3 -1 237 83
24 9 9 286 408
23 18 -1 68 87
13 17 17 129 367
7 14 14 299 82
10 7 10 176 316
21 5 21 150 242
4 2 4 92 390
12 17 12 323 211
20 13 -1 174 118
23 8 8 425 110
16 12 12 392 363
11 14 11 207 191
13 14 -1 92 308
10 6 10 45 156
13 16 13 169 167
14 19 14 172 469
13 15 13 257 408
24 18 24 93 303
17 8 8 288 352
4 23 4 481 371
16 22 22 486 16
6 0 -1 9 124
8 22 22 241 355
0 15 -1 349 410
5 16 5 124 481
21 5 5 357 137
3 23 -1 190 36
2 23 23 264 83
13 22 22 105 90
12 5 12 190 206
16 20 20 137 272
4 9 9 336 18
16 14 14 400 56
5 4 -1 94 368
15 7 -1 449 165
8 14 14 216 379
4 9 9 277 172
23 8 23 226 347
1 17 17 419 395
20 24 24 252 118
22 19 19 289 118
20 24 -1 217 165
13 21 13 213 75
24 13 24 57 441
8 10 -1 146 179
6 18 -1 182 20
1 4 -1 56 396
12 1 1 319 321
13 8 -1 415 423
20 16 -1 281 400
5 16 -1 16 212
16 24 -1 99 381
3 1 1 247 34
11 9 11 433 78
9 23 -1 78 63
13 0 -1 54 258
6 9 6 466 150
14 10 -1 222 109
7 2 -1 422 174
22 8 8 112 92
14 21 -1 4 1
6 20 20 62 474
12 21 21 414 39
10 5 5 311 377
9 20 9 98 168
6 20 6 264 184
20 5 20 363 485
9 21 -1 440 285
4 2 4 339 443
21 24 24 447 260
2 8 8 484 57
0 17 -1 204 283
14 1 14 421 189
24 5 -1 6 322
21 10 -1 204 76
20 2 2 246 50
12 0 -1 494 261
15 20 20 195 224
14 11 -1 328 282
17 4 -1 4 287
12 2 2 339 407
23 12 -1 125 85
11 12 11 420 256
22 12 12 52 384
4 18 18 107 296
3 24 3 45 203
14 7 -1 388 224
15 13 13 26 113
21 13 -1 158 210
11 7 -1 464 187
9 19 -1 29 276
4 9 -1 381 454
7 23 -1 140 338
13 7 7 126 184
17 24 24 372 432
11 8 8 435 24
2 19 -1 409 101
23 13 -1 0 447
17 10 -1 8 375
10 21 10 62 49
21 7 -1 395 79
5 6 -1 322 218
13 24 24 209 134
14 7 14 401 235
21 20 20 43 78
22 4 4 82 193
23 3 23 373 250
6 4 4 470 303
2 9 2 190 195
16 6 16 65 482
14 12 14 134 107
6 9 -1 133 266
7 8 8 184 409
22 18 22 258 338
18 10 18 73 52
19 14 -1 449 5
19 13 19 224 100
3 6 -1 267 341
0 1 1 24 87
10 24 10 175 7
19 20 19 273 490
7 8 -1 239 77
4 8 4 4 336
10 13 10 203 191
6 4 -1 94 217
14 1 1 323 195
13 17 -1 408 465
8 15 8 151 381
3 5 -1 307 412
2 17 17 185 372
18 16 18 311 137
20 2 2 265 303
11 5 11 104 138
13 14 14 388 115
11 18 -1 202 200
10 7 10 339 117
18 10 10 397 246
0 19 0 41 34
3 2 -1 376 84
5 14 -1 36 429
18 24 24 391 104
0 3 0 97 17
7 15 7 369 439
0 19 -1 128 60
20 6 6 212 32
24 18 -1 376 356
5 19 19 178 135
13 5 13 101 354
8 22 8 328 336
13 22 -1 166 260
18 24 18 57 59
1 2 1 152 85
14 22 14 369 384
6 0 0 158 481
10 18 10 72 296
17 10 -1 316 128
6 11 6 408 219
14 9 -1 198 188
7 13 -1 377 407
20 8 20 372 443
16 7 7 246 29
10 15 -1 408 482
20 14 -1 275 424
14 10 14 40 149
20 3 20 222 485
6 7 -1 428 451
13 10 -1 486 267
2 9 2 486 231
2 6 2 477 196
23 12 -1 388 86
2 18 2 426 304
4 8 4 158 384
16 20 20 402 162
4 6 4 467 392
3 19 19 12 496
20 12 20 429 101
22 8 -1 45 59
0 17 -1 285 229
21 5 -1 126 343
13 9 -1 430 277
19 0 19 281 446
0 19 -1 206 447
7 14 7 2 250
21 4 -1 101 414
23 0 0 208 451
13 21 21 54 102
14 1 -1 467 457
0 19 19 435 450
2 17 2 173 246
16 19 -1 486 272
17 11 17 237 369
23 2 -1 236 434
20 0 20 399 20
19 1 -1 75 36
19 2 2 60 350
4 21 -1 142 146
22 3 3 487 25
19 14 -1 380 448
15 7 15 164 304
5 15 15 405 154
15 9 -1 252 137
13 6 6 420 50
6 20 -1 400 157
6 21 21 1 276
24 16 -1 234 430
15 14 14 138 321
1 5 5 488 82
18 1 -1 51 74
16 10 16 247 460
3 6 6 331 484
2 22 -1 187 27
11 3 11 251 425
3 6 6 116 164
24 20 24 477 196
23 12 -1 296 497
20 1 20 173 458
16 1 1 438 313
10 1 -1 362 303
18 17 18 374 459
0 23 23 407 426
2 8 2 69 104
13 16 -1 370 139
15 12 15 96 202
7 8 7 51 97
8 19 8 145 119
0 22 0 183 157
20 10 10 161 381
19 1 -1 151 48
14 17 14 456 140
14 0 0 290 472
5 11 11 25 5
16 0 -1 49 432
24 12 24 135 243
20 13 13 173 214
7 17 7 90 357
18 6 6 365 471
6 20 -1 172 123
17 13 17 344 87
7 19 -1 431 306
20 3 3 488 126
11 22 22 64 64
3 7 -1 138 322
19 21 -1 279 218
18 22 22 441 191
21 23 23 497 406
19 17 -1 141 382
12 2 -1 33 243
21 12 12 167 77
0 11 0 295 368
19 15 15 302 131
8 0 -1 121 348
14 17 17 75 283
0 15 15 481 298
5 2 -1 258 421
16 11 -1 290 133
3 11 3 445 490
7 3 7 414 176
14 5 5 431 206
1 8 -1 415 390
23 21 -1 211 231
18 2 -1 428 19
3 6 -1 379 251
23 11 23 391 100
8 5 -1 301 363
14 5 14 464 170
14 12 -1 10 0
0 3 -1 444 356
1 24 24 309 378
15 9 15 72 250
17 5 5 100 208
22 14 -1 169 205
9 10 10 129 46
18 4 4 373 301
6 2 2 345 136
6 11 -1 448 35
24 15 -1 131 66
0 5 -1 114 50
13 0 0 8 229
8 1 8 458 377
14 16 16 391 338
17 22 17 391 370
11 15 -1 278 323
4 3 3 43 105
1 18 1 434 224
3 13 3 188 315
24 4 -1 441 20
15 21 -1 438 10
23 1 1 173 380
17 3 17 112 334
22 7 7 6 332
7 21 -1 296 463
21 2 2 337 497
1 4 -1 259 342
6 9 -1 469 282
2 14 2 198 3
22 20 20 426 128
22 10 22 141 33
15 12 12 427 226
10 3 10 383 140
2 14 14 498 386
11 0 11 247 248
5 21 21 243 74
24 15 24 276 384
20 16 20 356 443
2 18 -1 335 452
16 12 16 417 362
4 3 -1 31 252
15 14 15 236 259
24 12 12 286 363
11 6 11 11 339
2 13 2 351 50
11 17 -1 80 436
2 11 -1 42 70
17 8 -1 243 496
18 17 18 495 355
23 8 8 29 245
2 6 6 437 259
9 23 23 74 80
15 3 3 305 246
14 24 -1 423 94
2 16 16 85 264
19 10 -1 6 264
17 8 8 203 120
7 12 12 211 288
3 16 3 435 89
11 9 9 284 29
24 3 3 386 169
14 21 21 422 386
11 8 -1 464 430
18 1 -1 406 466
7 9 9 129 119
22 18 18 494 479
12 19 19 332 330
3 23 23 220 171
15 6 -1 453 297
9 23 9 463 55
16 20 20 250 401
13 22 22 469 144
1 8 1 312 440
20 16 -1 222 438
11 14 11 340 217
18 2 18 43 67
23 9 -1 216 86
15 4 4 189 100
5 17 17 468 429
0 13 13 41 313
8 2 2 4 445
24 17 24 116 490
3 5 5 390 47
13 1 -1 438 6
3 24 3 135 351
14 5 14 229 16
22 9 22 294 158
22 18 18 116 311
17 20 20 275 162
15 13 13 254 404
21 9 21 324 94
6 13 -1 351 470
18 0 0 265 346
14 12 -1 366 31
2 8 -1 470 210
15 10 10 105 389
5 3 3 335 427
20 18 20 320 144
12 15 12 118 331
17 7 7 83 475
1 10 1 79 405
21 18 18 353 134
4 6 4 416 235
6 9 -1 303 206
17 19 17 363 200
20 22 20 28 448
24 16 24 5 73
6 2 -1 480 107
1 11 -1 436 477
1 17 1 406 223
22 1 1 351 14
19 23 23 441 29
11 17 11 497 373
18 5 -1 385 161
9 13 -1 150 274
2 19 19 60 417
17 13 13 243 429
5 17 17 446 421
4 14 4 403 39
11 9 -1 421 97
2 11 11 403 238
0 7 -1 18 469
3 10 10 414 6
12 19 12 230 217
21 12 -1 437 40
24 0 0 440 99
23 20 20 245 448
23 20 23 232 191
1 12 -1 359 51
9 22 9 357 404
17 5 5 127 169
7 2 7 58 194
19 7 -1 304 229
12 5 5 44 189
17 21 17 46 82
3 5 3 53 215
11 20 20 54 72
15 13 13 112 47
21 6 -1 260 362
10 0 -1 161 344
9 6 9 336 152
2 16 2 258 471
1 21 21 24 178
16 14 -1 167 401
15 13 15 448 449
21 10 21 141 74
20 0 20 365 338
7 19 -1 193 329
3 20 3 496 294
6 14 -1 297 209
13 15 -1 147 163
23 20 -1 299 313
0 22 -1 330 314
3 14 3 262 207
14 17 -1 167 190
23 5 -1 448 441
23 13 23 245 178
16 18 -1 392 231
4 14 14 86 155
2 0 -1 314 160
7 8 8 274 199
13 0 13 23 373
22 13 22 219 66
3 14 -1 196 221
4 12 4 16 45
22 18 18 339 128
19 24 19 171 398
10 21 21 458 469
3 7 3 468 4
0 23 0 300 171
16 5 -1 38 98
6 11 6 395 402
22 15 -1 17 463
2 9 -1 262 380
14 22 14 407 51
16 5 5 17 202
15 24 24 353 197
21 16 21 116 170
12 8 8 31 371
1 8 -1 9 98
12 23 23 251 207
23 18 -1 444 485
19 11 -1 407 465
10 5 10 100 96
4 15 15 28 146
3 4 -1 11 365
5 23 23 77 425
23 0 -1 463 421
7 8 7 366 498
3 23 -1 103 295
12 18 12 15 217
7 21 21 95 237
6 19 19 208 46
3 8 -1 444 106
23 1 1 243 270
14 21 21 73 201
15 10 -1 119 428
14 4 14 40 299
13 23 13 143 83
18 24 -1 109 68
24 9 -1 14 77
16 3 16 62 76
2 14 2 149 417
17 3 3 382 152
9 7 9 304 340
18 3 -1 353 496
7 14 14 496 469
11 2 -1 475 280
23 3 -1 226 302
13 18 -1 459 450
9 20 20 84 424
24 3 -1 7 33
3 17 -1 373 338
18 12 -1 390 262
23 15 23 92 342
19 8 -1 76 442
13 14 14 172 338
24 2 -1 31 237
22 0 22 322 64
7 9 -1 149 372
6 15 -1 226 459
9 19 19 3 434
0 19 0 250 107
8 4 -1 466 192
2 17 2 274 108
13 9 -1 263 108
0 5 5 426 339
8 12 8 446 342
22 21 -1 406 421
18 16 18 73 159
20 0 20 126 152
11 16 -1 230 206
21 5 -1 243 208
2 4 -1 338 350
12 21 -1 443 295
18 11 18 144 295
20 21 -1 273 173
12 16 16 392 423
9 24 -1 5 382
16 9 16 329 259
16 7 7 161 279
12 22 -1 181 444
1 2 2 74 228
6 18 6 498 66
3 0 0 408 407
20 19 -1 451 280
1 19 19 270 182
19 7 -1 50 488
24 2 -1 219 278
20 0 20 264 176
16 17 -1 471 75
8 18 -1 445 45
1 24 -1 140 19
24 11 -1 80 87
16 4 4 208 76
21 6 6 195 95
4 11 -1 482 357
14 18 -1 285 388
23 11 23 414 153
10 15 15 186 96
4 2 -1 265 28
16 21 16 36 43
13 23 23 46 280
21 14 14 131 229
8 19 19 50 149
6 15 6 470 13
18 24 18 388 439
21 7 7 128 118
5 17 -1 87 90
24 8 -1 109 416
12 18 18 83 295
10 15 15 401 485
24 20 24 192 110
3 13 -1 42 19
13 23 13 204 412
3 5 3 436 192
12 23 23 175 32
7 12 7 444 138
11 20 11 247 362
23 2 -1 15 445
22 5 5 335 235
9 15 15 380 276
9 20 20 446 22
10 5 10 359 475
24 20 24 110 195
10 8 -1 113 300
19 12 19 16 424
18 1 1 87 283
19 24 24 320 395
2 6 -1 411 140
3 13 3 398 123
10 8 -1 75 60
4 12 4 347 88
13 23 13 453 34
23 2 2 269 297
17 2 -1 80 394
5 18 -1 79 68
17 16 16 202 117
14 8 14 484 380
20 23 20 74 451
17 0 0 181 496
4 0 4 430 431
17 10 10 127 41
20 21 20 421 298
2 12 2 185 147
16 5 5 399 482
0 16 0 5 449
5 9 5 455 141
6 24 -1 107 226
20 2 2 432 326
23 11 11 9 22
12 0 -1 336 176
13 11 11 472 141
16 4 16 341 484
19 24 24 98 384
12 21 -1 337 28
14 13 14 455 172
14 19 19 168 131
0 7 0 69 256
13 10 13 466 304
22 12 12 58 411
14 23 -1 253 410
12 19 12 104 26
22 18 18 398 12
4 23 4 275 92
4 13 4 42 206
11 15 -1 143 75
5 10 -1 289 213
11 1 11 336 281
11 9 9 484 184
13 15 13 136 415
2 16 2 59 83
10 20 20 381 266
3 11 -1 28 452
16 14 14 75 276
12 11 -1 238 222
21 4 4 306 215
3 9 -1 434 370
19 16 19 178 259
24 14 14 53 442
1 17 17 351 120
-1
13
40 34 27 12 31 6 25 39 24 5 48 32 39
