66 40 -1 241 12
58 21 58 35 243
74 43 74 4 196
62 92 62 198 259
67 52 -1 33 227
79 69 69 141 176
33 7 -1 314 400
80 24 24 221 460
65 47 65 234 451
51 97 97 100 47
54 19 19 263 204
79 95 95 483 188
1 69 69 170 435
47 50 50 20 23
20 85 20 127 272
73 78 73 469 230
68 23 23 420 39
5 99 99 182 235
22 84 -1 269 106
91 16 91 151 36
84 23 84 106 450
98 80 -1 319 349
63 39 -1 65 260
63 22 22 249 205
98 71 -1 454 292
99 46 -1 7 249
49 91 49 475 398
27 73 27 160 492
31 24 -1 455 389
43 71 71 307 220
20 5 5 461 212
88 60 88 49 68
59 98 98 336 73
9 64 9 91 224
90 22 22 273 230
89 69 -1 405 376
73 25 25 369 39
93 58 -1 303 159
19 15 19 83 403
82 44 44 280 136
44 22 22 444 347
40 86 86 193 343
92 19 -1 426 188
7 71 -1 59 427
57 30 57 214 13
97 48 -1 217 380
46 13 13 456 409
2 97 2 70 142
90 15 -1 111 141
2 18 18 300 129
91 58 -1 185 324
25 83 25 335 152
5 81 -1 112 338
74 14 -1 22 336
29 12 29 243 323
44 45 45 309 397
75 52 75 287 390
32 13 13 257 400
77 14 14 242 26
20 16 -1 259 290
29 40 40 32 283
78 29 78 72 90
78 48 -1 285 87
32 69 32 157 226
53 34 -1 335 228
67 7 7 460 66
35 41 35 290 473
42 69 -1 122 393
92 52 -1 287 390
81 19 19 433 129
38 86 -1 431 321
92 98 98 489 410
46 76 -1 5 419
77 47 -1 431 369
33 76 -1 327 63
64 8 8 75 393
63 13 63 279 296
53 23 -1 34 464
57 32 32 361 437
59 90 90 399 321
6 33 33 380 360
12 96 96 47 171
13 62 13 445 341
33 51 51 80 237
28 90 28 21 303
59 80 -1 143 432
66 49 66 316 281
77 80 -1 497 227
49 62 -1 438 8
83 71 83 448 204
48 28 48 117 249
49 76 76 494 72
14 12 -1 31 380
7 8 8 484 57
88 85 88 430 323
31 14 14 42 214
3 90 -1 149 108
92 50 -1 326 296
60 40 -1 286 423
89 93 93 450 377
40 90 40 363 373
38 95 95 237 237
1 40 -1 295 389
88 87 88 224 313
87 37 87 496 323
28 37 37 111 187
97 3 3 412 367
2 3 3 141 440
99 42 -1 27 438
22 67 67 114 292
43 1 1 148 449
56 29 56 276 92
25 73 73 207 486
15 9 15 377 351
29 28 -1 162 408
35 85 35 265 199
19 8 19 300 208
2 8 2 140 284
82 66 82 378 425
96 93 96 237 422
37 18 -1 35 381
10 70 70 186 287
65 57 -1 317 310
56 71 56 245 412
55 27 -1 313 257
55 61 55 41 98
24 31 31 27 266
49 37 49 367 275
76 84 84 423 54
43 31 -1 413 429
89 68 89 71 181
66 78 78 368 20
44 93 93 13 120
69 14 14 9 282
85 37 37 270 213
72 13 13 398 278
73 39 39 282 411
80 48 -1 75 216
61 71 61 364 284
33 85 85 343 95
85 80 85 203 450
45 76 76 290 26
93 15 15 92 249
28 73 28 370 200
66 31 66 327 496
8 61 61 159 156
28 96 28 61 399
38 6 38 305 448
53 50 53 271 343
65 99 99 115 269
16 81 16 139 108
1 47 1 34 258
77 63 -1 265 124
54 3 54 381 60
83 87 -1 499 58
6 64 6 122 279
31 90 90 184 281
21 85 -1 294 319
39 24 -1 94 489
58 0 58 141 33
57 24 57 468 75
78 74 78 40 448
71 90 71 155 372
56 92 56 451 111
92 75 92 486 16
56 86 86 49 172
71 73 71 91 200
23 66 -1 263 366
11 34 -1 446 241
81 3 -1 434 406
96 26 96 194 165
49 51 -1 63 300
75 86 75 468 277
26 43 -1 418 306
62 81 81 371 28
33 52 33 18 486
89 14 -1 322 61
29 71 29 133 186
64 8 -1 242 428
2 21 -1 197 491
29 11 -1 21 482
53 54 -1 436 24
72 25 72 37 147
52 66 -1 116 351
9 32 9 33 175
40 87 40 64 85
39 93 39 312 215
31 17 -1 65 53
46 90 90 137 327
29 89 29 0 205
97 61 97 209 46
64 1 1 264 365
19 4 4 67 168
74 50 74 347 16
91 93 91 422 230
85 51 -1 382 3
28 31 28 218 192
63 34 63 497 499
11 68 11 270 287
23 96 96 309 244
6 1 6 264 423
72 1 72 443 483
82 24 24 298 242
59 61 59 5 358
75 17 -1 330 339
14 54 -1 252 15
84 58 84 373 122
91 45 -1 218 441
58 0 58 25 298
59 85 -1 35 42
70 63 -1 449 45
51 63 -1 39 67
67 23 23 283 448
99 75 -1 474 145
87 84 84 204 410
47 63 47 159 150
89 82 -1 101 331
11 4 4 162 443
13 29 29 490 213
66 89 -1 264 215
37 3 -1 486 207
61 85 85 160 145
73 50 50 338 103
10 49 10 356 264
2 69 69 172 59
58 90 58 250 255
15 39 39 466 225
18 80 80 140 340
8 65 65 87 304
45 97 -1 304 153
21 58 21 215 130
33 25 25 433 76
28 0 -1 338 118
45 56 56 456 297
39 16 39 129 103
18 27 18 176 83
5 97 -1 479 264
24 12 -1 497 397
18 25 -1 37 64
15 82 15 114 90
21 53 -1 336 234
61 54 54 313 282
97 70 -1 491 49
48 15 48 390 13
62 60 62 311 298
6 79 6 79 445
71 0 -1 129 136
84 91 84 150 4
77 47 77 209 90
76 10 -1 342 400
70 4 -1 61 416
11 19 11 391 350
40 14 14 390 44
39 26 39 234 28
39 12 -1 166 173
17 43 43 323 337
84 45 84 97 58
9 8 8 456 151
28 48 48 331 390
62 71 71 197 205
45 88 88 73 455
43 42 42 26 317
87 62 62 80 411
21 90 -1 499 98
71 80 80 389 11
37 51 -1 406 400
40 4 4 61 129
95 4 4 297 283
89 84 84 52 17
9 25 9 328 425
57 51 51 4 40
68 42 68 155 400
43 95 43 332 108
33 79 79 5 477
96 46 -1 393 498
30 54 54 89 83
0 47 47 157 351
79 78 78 222 133
46 18 18 202 402
88 36 36 153 293
58 1 58 324 47
89 54 54 364 196
36 65 36 323 74
46 54 54 444 228
89 42 42 69 244
48 10 48 282 363
25 92 -1 416 16
64 5 64 365 370
19 2 2 214 277
13 12 12 118 108
59 7 -1 458 429
47 58 47 279 440
6 57 -1 223 373
49 87 87 272 5
1 91 -1 388 157
36 1 -1 19 219
78 30 -1 81 488
60 28 -1 351 459
39 57 -1 72 281
90 22 90 21 346
25 22 22 384 10
47 72 -1 269 343
83 48 83 114 281
14 74 74 213 325
20 53 20 337 77
15 79 -1 288 0
46 13 -1 436 450
84 35 -1 447 5
18 30 30 344 96
86 58 58 447 124
47 67 47 334 204
6 1 -1 358 489
35 56 -1 157 292
57 41 -1 131 89
84 49 84 237 445
20 75 75 442 22
80 42 -1 461 376
46 67 -1 482 25
19 69 69 326 379
25 83 -1 405 314
13 89 89 385 379
61 57 61 217 199
29 49 -1 219 10
69 17 -1 399 499
7 70 -1 141 496
0 18 18 472 275
45 86 -1 113 23
96 27 96 102 44
31 46 46 2 308
46 20 20 497 371
98 67 98 239 163
92 57 57 17 385
40 3 40 153 178
98 80 98 52 377
41 36 41 66 338
83 65 65 174 162
82 72 72 26 11
45 19 19 40 88
5 80 5 307 85
69 57 -1 379 310
95 72 -1 470 291
36 53 53 47 127
18 29 29 300 155
62 46 62 235 38
66 92 92 57 400
3 78 3 121 209
71 68 -1 169 238
25 6 6 181 53
23 51 23 275 304
41 37 -1 120 124
40 86 40 310 196
69 65 65 478 487
88 2 88 22 171
46 47 -1 390 428
34 13 13 320 188
35 62 -1 389 334
2 29 2 271 39
68 40 68 47 71
44 35 44 351 9
96 97 96 126 439
36 12 36 319 233
93 7 93 323 296
81 26 -1 253 149
17 74 74 174 173
65 18 18 90 270
69 86 69 425 164
59 13 -1 464 132
10 57 10 257 181
36 38 38 214 143
8 31 -1 302 158
42 67 -1 102 57
98 71 -1 370 48
60 29 -1 189 93
94 51 94 385 460
83 21 83 394 287
94 55 -1 263 257
29 6 29 357 160
34 56 34 230 426
80 43 80 194 384
52 88 -1 154 73
96 90 96 47 384
34 93 -1 205 8
49 86 -1 26 344
27 60 60 11 391
78 91 78 437 37
70 89 70 58 295
51 7 7 150 154
22 36 -1 213 494
7 62 7 326 188
24 53 -1 76 64
44 6 6 30 395
45 52 52 22 411
32 25 32 117 27
24 39 24 423 353
10 82 10 290 8
56 67 56 109 395
77 53 -1 237 83
49 34 34 286 408
98 18 -1 68 87
13 92 92 129 367
32 39 39 299 82
10 7 10 176 316
96 5 96 150 242
4 52 4 92 390
37 42 37 323 211
95 88 -1 174 118
23 58 58 425 110
91 87 87 392 363
86 89 86 207 191
63 64 -1 92 308
85 81 85 45 156
13 41 13 169 167
14 44 14 172 469
88 15 88 257 408
24 43 24 93 303
92 8 8 288 352
79 73 79 481 371
41 47 47 486 16
31 0 -1 9 124
33 97 97 241 355
0 65 -1 349 410
5 41 5 124 481
71 55 55 357 137
78 98 -1 190 36
52 73 73 264 83
13 97 97 105 90
87 5 87 190 206
66 95 95 137 272
29 9 9 336 18
16 14 14 400 56
5 4 -1 94 368
65 7 -1 449 165
8 89 89 216 379
29 34 34 277 172
98 58 98 226 347
51 42 42 419 395
70 24 24 252 118
72 69 69 289 118
95 49 -1 217 165
38 46 38 213 75
24 63 24 57 441
33 60 -1 146 179
31 68 -1 182 20
26 54 -1 56 396
12 51 51 319 321
63 58 -1 415 423
95 91 -1 281 400
80 66 -1 16 212
91 99 -1 99 381
53 26 26 247 34
36 59 36 433 78
59 48 -1 78 63
63 25 -1 54 258
6 34 6 466 150
89 10 -1 222 109
82 27 -1 422 174
22 58 58 112 92
64 71 -1 4 1
56 20 20 62 474
37 21 21 414 39
10 55 55 311 377
59 45 59 98 168
31 20 31 264 184
70 80 70 363 485
9 71 -1 440 285
79 77 79 339 443
46 49 49 447 260
27 58 58 484 57
25 67 -1 204 283
14 26 14 421 189
49 30 -1 6 322
46 85 -1 204 76
95 2 2 246 50
37 25 -1 494 261
65 20 20 195 224
64 61 -1 328 282
92 29 -1 4 287
87 2 2 339 407
48 87 -1 125 85
11 62 11 420 256
72 37 37 52 384
4 68 68 107 296
28 99 28 45 203
64 32 -1 388 224
65 88 88 26 113
96 38 -1 158 210
36 82 -1 464 187
84 69 -1 29 276
4 9 -1 381 454
82 98 -1 140 338
63 57 57 126 184
92 74 74 372 432
36 8 8 435 24
2 19 -1 409 101
73 13 -1 0 447
17 35 -1 8 375
35 71 35 62 49
21 7 -1 395 79
55 31 -1 322 218
63 24 24 209 134
39 82 39 401 235
46 70 70 43 78
97 79 79 82 193
98 3 98 373 250
31 29 29 470 303
52 34 52 190 195
66 81 66 65 482
64 12 64 134 107
31 84 -1 133 266
32 83 83 184 409
72 68 72 258 338
93 10 93 73 52
19 39 -1 449 5
19 13 19 224 100
28 56 -1 267 341
50 51 51 24 87
85 49 85 175 7
94 69 69 470 442
73 90 73 258 291
39 77 77 308 302
4 36 36 288 455
3 91 3 79 215
94 17 -1 401 244
23 95 -1 192 18
8 65 -1 290 75
51 81 51 55 41
7 12 -1 317 52
85 72 -1 191 303
11 37 -1 127 39
65 3 -1 230 495
4 38 38 464 280
88 15 15 393 23
2 0 -1 432 369
39 17 39 435 160
97 46 -1 269 225
41 34 -1 127 117
76 84 84 189 400
36 29 29 49 323
91 4 -1 178 388
97 17 97 190 452
69 39 69 19 209
28 60 -1 156 40
12 32 32 468 73
76 56 -1 244 257
78 35 78 405 165
1 54 -1 458 397
87 28 -1 38 347
97 66 -1 493 174
0 57 0 276 377
84 52 52 339 397
43 69 43 56 275
50 58 58 85 468
78 72 -1 67 110
96 16 96 256 161
3 8 3 214 184
96 98 -1 182 38
85 77 77 470 433
34 72 72 16 457
12 46 46 60 165
92 8 8 120 164
43 75 -1 214 489
60 11 11 149 345
78 34 34 485 56
7 72 7 451 388
85 15 -1 267 127
52 59 52 486 231
52 81 52 477 196
48 37 -1 388 86
52 18 52 426 304
29 33 29 158 384
16 95 95 402 162
79 6 79 467 392
53 19 19 12 496
70 12 70 429 101
72 33 -1 45 59
75 92 -1 285 229
71 80 -1 126 343
63 84 -1 430 277
69 50 69 281 446
25 94 -1 206 447
57 39 57 2 250
46 29 -1 101 414
23 25 25 208 451
38 71 71 54 102
64 76 -1 467 457
50 44 44 435 450
2 92 2 173 246
91 19 -1 486 272
42 61 42 237 369
48 27 -1 236 434
95 0 95 399 20
19 1 -1 75 36
19 77 77 60 350
79 4 79 255 142
46 97 -1 243 487
25 44 44 418 380
48 65 65 410 164
4 30 -1 421 405
54 40 40 434 252
37 13 -1 158 420
50 56 50 206 400
57 31 57 23 1
76 24 76 60 234
30 65 65 47 138
21 1 1 256 488
82 93 -1 491 51
74 41 -1 244 247
60 53 60 356 276
31 84 84 97 396
87 27 87 103 427
51 25 -1 81 181
16 64 16 270 155
77 96 96 37 292
96 97 -1 126 205
73 58 73 126 55
38 13 38 51 268
62 3 -1 342 236
74 59 59 448 81
7 26 -1 308 315
69 4 -1 466 230
70 39 -1 412 117
96 2 -1 383 253
51 97 97 244 439
45 19 19 397 419
83 57 -1 460 465
61 81 81 326 347
51 48 51 192 312
56 40 -1 239 375
20 90 20 380 386
63 25 63 366 275
77 49 49 474 362
49 35 49 170 313
43 73 43 282 217
26 90 26 393 181
84 65 -1 56 245
10 72 72 67 38
98 44 98 182 319
49 31 -1 45 453
72 88 72 186 122
44 64 64 53 457
46 38 46 69 46
20 79 79 43 347
8 41 41 196 123
62 97 -1 169 42
11 41 11 337 327
56 33 56 421 87
1 67 1 375 236
23 95 -1 194 190
15 2 -1 258 350
6 21 21 364 142
90 75 90 125 265
62 81 62 205 402
37 58 58 166 486
10 90 10 378 336
24 45 45 307 203
41 14 41 189 130
18 31 -1 101 408
23 15 15 473 121
44 11 44 418 377
69 28 -1 203 306
7 79 -1 198 186
6 91 91 483 80
31 1 1 289 255
72 64 -1 14 437
43 10 43 375 428
30 44 -1 101 499
62 9 9 265 359
65 72 65 17 55
82 0 82 397 389
63 69 69 134 35
43 29 43 143 4
74 73 74 331 327
52 45 52 31 111
47 48 -1 449 465
90 31 90 150 380
7 14 7 13 100
37 8 -1 483 151
86 58 86 239 141
4 91 4 192 422
1 91 1 336 340
88 78 78 254 429
3 61 3 105 426
43 34 43 378 438
10 88 10 49 329
71 41 41 415 215
21 58 21 10 498
26 88 26 380 217
28 93 -1 334 72
7 29 -1 332 107
96 94 94 463 396
77 86 77 497 101
4 71 -1 342 181
9 20 -1 282 52
39 11 39 3 197
70 63 -1 128 147
85 25 -1 33 240
37 11 11 226 360
28 83 83 140 177
64 1 64 386 236
50 77 77 248 280
96 70 96 74 499
90 59 -1 384 345
16 73 -1 443 352
68 24 24 452 316
12 68 12 362 254
53 65 53 252 365
64 48 64 259 474
87 2 87 363 386
31 11 11 27 363
59 51 59 211 167
63 80 63 277 186
90 42 42 342 408
34 43 43 493 217
83 95 83 298 233
86 29 86 177 56
8 37 37 159 148
78 74 78 215 203
19 5 5 189 499
6 23 6 2 416
64 85 64 19 235
97 6 -1 242 183
73 3 3 432 362
21 11 11 53 278
91 72 91 89 361
34 95 34 29 449
53 45 53 169 64
21 66 21 386 261
58 11 11 430 343
26 51 26 466 457
84 57 84 119 47
43 6 43 479 287
44 84 -1 330 53
48 52 -1 171 190
81 29 -1 297 59
48 75 75 55 441
20 91 20 401 63
97 96 -1 144 76
8 88 8 440 270
66 88 -1 438 211
64 71 -1 217 68
52 66 52 67 273
84 39 -1 86 240
79 84 84 100 380
17 8 -1 429 0
38 95 38 313 233
52 29 -1 445 499
24 49 -1 467 116
90 3 -1 206 390
47 38 38 236 438
6 53 6 326 135
51 64 -1 392 229
16 97 97 372 294
58 97 97 375 116
11 17 -1 266 275
62 65 62 140 254
4 46 46 255 324
94 6 -1 25 351
70 93 -1 129 265
46 39 39 189 366
31 52 52 303 470
10 65 65 176 105
89 80 80 349 335
27 95 95 167 320
44 37 37 196 118
31 42 31 245 83
75 76 75 410 79
5 21 21 393 297
53 34 -1 456 335
16 35 -1 209 255
3 6 -1 369 402
63 0 -1 472 297
28 48 48 316 358
5 73 73 402 466
80 7 7 61 64
36 77 36 67 39
6 23 23 151 92
51 14 51 148 486
41 29 -1 367 345
97 73 73 180 127
85 61 61 338 74
50 74 50 302 194
43 60 -1 392 63
61 43 43 5 392
68 46 68 54 314
66 3 66 36 84
66 21 -1 252 111
71 3 3 75 57
84 18 84 53 410
33 14 14 462 419
98 30 98 171 137
83 37 37 274 325
24 40 24 73 45
10 45 -1 448 320
57 32 32 326 137
53 59 59 459 322
22 57 -1 392 380
41 27 27 82 402
95 58 95 94 132
39 4 -1 187 105
49 44 44 92 371
27 46 46 378 5
56 53 -1 161 445
95 54 54 265 488
74 12 74 21 206
31 60 31 260 300
67 61 67 9 106
67 36 -1 2 66
9 58 -1 76 271
16 24 -1 341 289
66 67 67 65 188
59 48 59 321 60
1 41 41 445 150
80 65 80 332 219
56 93 93 228 270
1 96 96 131 189
35 97 -1 188 215
97 47 47 198 320
76 99 99 150 97
15 30 -1 153 14
85 62 85 214 342
29 67 -1 123 298
80 58 80 441 98
63 90 -1 178 241
18 54 18 231 404
89 47 89 155 52
0 40 40 160 107
8 89 89 199 113
25 31 -1 373 372
22 88 22 219 66
3 89 -1 196 221
29 37 29 16 45
72 68 68 339 128
44 99 44 171 398
35 96 96 458 469
53 32 53 468 4
75 23 75 300 171
66 30 -1 38 98
6 11 6 395 402
47 40 -1 17 463
52 59 -1 262 380
39 47 39 407 51
16 30 30 17 202
15 99 99 353 197
21 16 21 116 170
62 8 8 31 371
76 83 -1 9 98
62 48 48 251 207
48 68 -1 444 485
44 11 -1 407 465
85 80 85 100 96
4 15 15 28 146
28 4 -1 11 365
80 73 73 77 425
73 25 -1 463 421
82 7 7 18 366
98 3 98 83 103
95 87 87 4 15
17 32 32 199 95
37 31 31 403 208
46 28 -1 291 444
6 73 6 139 243
70 89 70 468 73
1 15 15 272 119
28 89 89 299 40
99 88 88 420 143
83 18 83 268 109
68 74 74 471 14
77 41 41 175 62
76 77 76 489 1
49 17 -1 353 68
82 52 52 257 425
4 40 40 428 108
53 96 96 39 320
96 69 69 352 144
75 80 75 153 269
26 2 26 68 155
59 50 50 120 59
84 24 24 328 205
7 33 7 342 424
73 38 38 287 42
90 62 62 115 415
92 42 92 483 410
76 42 76 88 414
72 38 38 352 43
31 37 31 225 162
22 64 -1 109 458
49 72 49 265 139
26 59 26 209 369
37 3 37 225 269
59 50 50 83 454
3 66 -1 452 192
6 74 6 113 384
66 63 -1 200 380
47 26 47 308 487
60 46 46 347 171
11 6 11 218 341
28 73 -1 420 25
3 26 26 311 91
88 30 -1 496 430
86 43 86 277 404
95 38 38 37 37
21 48 21 295 218
36 75 -1 295 295
21 99 -1 173 162
16 13 13 423 409
74 61 74 382 491
9 77 -1 259 466
66 32 32 161 279
37 97 -1 181 444
1 2 2 74 228
6 43 6 498 66
3 25 25 408 407
70 69 -1 451 280
51 69 69 270 182
44 7 -1 50 488
24 52 -1 219 278
70 25 70 264 176
91 67 -1 471 75
8 93 -1 445 45
76 49 -1 140 19
49 36 -1 80 87
66 4 4 208 76
21 31 31 195 95
29 86 -1 482 357
89 43 -1 285 388
48 61 48 414 153
60 15 15 186 96
29 4 -1 420 265
28 41 28 282 36
43 63 63 305 46
80 46 46 83 131
29 83 83 71 50
49 31 -1 339 470
13 68 68 466 388
39 46 39 387 128
18 30 30 41 87
90 74 90 431 109
16 12 -1 60 83
95 10 -1 360 401
85 74 74 11 192
10 3 3 192 42
19 63 -1 63 204
12 53 53 346 436
92 62 -1 437 175
32 37 32 444 138
36 70 36 247 362
23 2 -1 15 445
72 30 30 335 235
34 40 40 380 276
9 95 95 446 22
60 30 60 359 475
49 95 49 110 195
60 33 -1 113 300
94 37 94 16 424
18 51 51 87 283
44 49 49 320 395
52 81 -1 411 140
53 13 53 398 123
35 10 -1 84 75
60 79 -1 243 347
88 13 13 204 453
34 48 -1 164 269
97 17 17 75 80
94 80 80 482 79
68 17 17 476 202
17 89 17 281 484
80 70 -1 131 74
51 17 -1 205 181
96 54 54 398 430
31 92 -1 24 127
41 45 41 435 421
98 52 98 183 185
47 16 16 497 399
82 0 0 209 5
49 5 -1 300 455
41 31 41 104 107
26 45 45 323 432
26 73 73 340 9
22 87 -1 429 336
76 63 63 92 472
41 29 41 341 484
94 24 24 98 384
62 96 -1 337 28
14 63 14 455 172
39 94 94 168 131
25 32 25 69 256
13 10 13 466 304
22 12 12 58 411
64 73 -1 253 410
87 19 87 104 26
97 43 43 398 12
4 23 4 275 92
4 88 4 42 206
11 65 -1 143 75
30 60 -1 289 213
11 76 11 336 281
11 34 34 484 184
88 40 88 136 415
52 41 52 59 83
10 70 70 381 266
-1
29
111 26 128 52 191 39 29 75 76 62 86 62 138 122 46 79 62 6 115 78 59 108 34 170 144 144 141 196 78
